// id|name|NaN|NaN|NaN|NaN|NaN|NaN
bd067125-6bdd-4311-9bc2-d39ac9d6b9c1|Earth|7|6|8|5|6|6
3c201eeb-9568-4075-aeee-579348053185|NoS|5|4|3|2|2|8
041c65ac-9050-4b30-af48-ce4f579deb07|Time|7|8|4|9|5|3
10d186b0-025c-4b9e-87bf-117000eeded7|Shogy|4|6|3|3|5|2
ee0b7ae4-d48c-4578-bd89-cb89ef72ca3a|Kao|7|2|9|1|1|3
ff705d93-f43d-4eb9-9ce4-c76f268358c0|Max|7|6|6|8|8|8
7dea6e29-2ac7-4d6d-baeb-8f092c8a6d43|Por|9|7|6|7|9|7
58f71237-be16-41a6-ac12-0f3c471cd152|Plair|8|2|1|4|8|8
c422b1aa-cd30-4ab4-8209-e36c57cccc6c|Big|6|8|4|6|1|1
e9ab1c2e-ae15-4ff4-bae3-0e949335af2e|Aimmita|4|5|1|7|1|1
abbaa838-8c8f-48ec-9616-83f720e51272|M|5|6|1|4|1|1
163625dc-7889-40ce-82fd-d91839c30de5|Gim|5|5|6|4|8|6
75022f61-88b4-405f-b5d7-27b0e7b8136f|Pleum|5|10|8|4|7|7
2af44964-d899-45a6-a9cc-7f5dd0b898ea|Kla|5|4|4|4|1|1
0158ac65-467d-4ba7-895e-fed822080c94|New|5|1|1|2|1|5
f6aa8acc-4a16-42f1-bd36-3b9dd79c5897|Orsuan|5|5|8|4|5|2
f6aa8acc-4a16-42f1-bd36-3b9dd79c5897|Orsuan|5|5|8|4|5|2
